60
87
125
205
239
700
942
1282
1616
1846
1982
2106
2134
2272
2858
2939
122
139
140
149
150
151
152
164
168
169
172
176
191
192
193
210
252
253
269
270
272
276
277
278
279
280
711
712
714
730
732
733
739
749
751
753
754
755
756
757
836
838
840
841
842
843
845
846
847
849
850
851
872
874
876
877
879
895
897
901
902
903
904
905
927
931
933
935
940
941
946
947
948
995
997
1043
1050
1051
1065
1079
1080
1081
1082
1083
1087
1112
1117
1119
1120
1121
1124
1153
1155
1156
1157
1159
1160
1163
1191
1192
1193
1195
1196
1199
1212
1214
1215
1216
1229
1230
1231
1234
1252
1253
1254
1258
1270
1276
1277
1278
1279
1283
1284
1285
1312
1314
1315
1316
1335
1340
1341
1342
1350
1399
1400
1417
1418
1421
1422
1423
1424
1473
1474
1475
1486
1506
1507
1509
1522
1527
1529
1530
1531
1532
1533
1544
1548
1563
1570
1573
1574
1575
1578
1618
1619
1643
1644
1646
1647
1657
1658
1662
1670
1671
1673
1690
1694
1695
1696
1720
1739
1742
1744
1756
1757
1763
1781
1782
1806
1807
1808
1809
1810
1813
1821
1847
1849
1852
1855
1875
1876
1878
1879
1898
1899
1900
1901
1904
1907
1932
1934
1935
1937
1978
1980
1981
1998
1999
2001
2003
2022
2024
2025
2049
2054
2058
2060
2061
2099
2101
2102
2103
2104
2128
2130
2131
2132
2133
2159
2161
2162
2163
2164
2180
2182
2183
2184
2188
2195
2217
2218
2226
2228
2229
2230
2231
2275
2279
2280
2282
2283
2284
2285
2320
2326
2327
2328
2344
2347
2349
2350
2351
2352
2377
2379
2380
2381
2395
2397
2398
2399
2403
2404
2425
2427
2428
2429
2438
2440
2441
2442
2462
2466
2467
2481
2483
2484
2485
2530
2532
2533
2534
2535
2536
2551
2552
2553
2554
2569
2571
2572
2574
2589
2592
2599
2602
2603
2604
2605
2606
2655
2657
2658
2659
2661
2662
2663
2664
2665
2702
2704
2705
2706
2723
2724
2725
2726
2727
2732
2735
2737
2738
2739
2740
2741
2779
2781
2782
2809
2811
2812
2813
2829
2831
2832
2833
2834
2835
2837
2851
2860
2865
2867
2868
2869
2870
2918
2938
2943
2945
2946
2947
2948
2949
2966
2968
2969
2970
2971
2972
2982
2983
2984
2985
2986
2987
2988
3005
3010
3012
3013
3014
3015
3016
3019
3049
3051
3052
3054
3055
3068
3070
3072
3073
3094
3098
3100
3101
3102
3103
3104
3106
3109
3121
3123
3124
120
124
126
127
131
132
133
134
144
158
159
160
161
162
174
190
194
248
258
725
880
1052
1410
2189
2487
2568
2989
3107
143
146
189
2463
