283
284
295
300
301
302
303
305
307
308
315
316
325
328
329
338
339
340
341
342
343
344
345
346
351
353
355
368
378
379
387
395
400
405
406
417
419
428
435
443
444
445
450
471
764
789
791
804
809
810
814
815
818
861
907
918
949
958
1005
1016
1022
1023
1024
1053
1055
1056
1088
1098
1129
1131
1132
1168
1170
1173
1175
1176
1179
1200
1205
1220
1236
1238
1259
1262
1299
1301
1319
1320
1321
1353
1356
1357
1358
1359
1363
1365
1366
1369
1404
1431
1433
1435
1437
1439
1440
1441
1442
1443
1444
1445
1446
1493
1494
1495
1496
1514
1516
1517
1549
1550
1580
1585
1589
1590
1592
1595
1597
1599
1600
1623
1624
1627
1628
1675
1729
1731
1747
1825
1833
1885
1886
1887
1889
1911
1949
1950
1951
1960
1962
1964
1989
2014
2031
2036
2037
2066
2068
2069
2070
2074
2075
2082
2142
2145
2148
2172
2200
2203
2240
2243
2244
2245
2292
2297
2299
2303
2304
2330
2331
2332
2336
2363
2385
2389
2406
2431
2432
2447
2448
2489
2490
2494
2496
2503
2505
2506
2538
2540
2543
2558
2560
2584
2611
2633
2635
2636
2638
2674
2681
2685
2710
2714
2748
2749
2753
2791
2792
2793
2795
2820
2821
2841
2887
2888
2890
2896
2902
2909
2933
2952
2956
3023
3035
3057
3086
3111
3112
285
286
288
2112
3022
287
354
399
423
1296
290
356
382
453
463
464
770
917
959
1013
1014
1063
1181
1201
1289
1290
1291
1292
1293
1294
1295
1327
1360
1535
1702
1728
1827
2078
2080
2113
2144
2199
2249
2293
2405
2430
2445
2446
2488
2501
2502
2539
2613
2670
2671
2679
2747
2756
2757
2872
2873
3060
3062
3063
291
292
293
350
390
773
774
775
776
777
778
779
780
781
782
783
784
785
863
914
1534
1859
1869
2016
2507
2675
2754
2954
2991
3083
3084
294
317
318
319
320
321
333
361
393
407
408
409
410
411
412
413
414
431
436
437
452
458
465
951
957
1004
1009
1026
1127
1167
1204
1700
1997
2017
2300
2358
2612
2617
2618
2619
2620
2621
2622
2623
2624
2625
2626
2627
2628
2629
2630
2631
2746
2786
2788
2815
2874
2875
2876
2877
2878
2879
2880
2881
2882
2883
2884
2885
2889
2924
2925
2926
2927
3025
3056
3058
3059
296
297
299
322
326
352
389
1019
1060
1166
1237
1260
1447
1709
1713
1828
1953
2006
2387
298
795
2012
2682
2744
2816
314
327
331
391
392
404
422
425
433
446
769
884
915
919
1031
1057
1302
1303
1354
1355
1497
1513
1536
1551
1591
1710
1765
1883
1909
1915
1954
2007
2084
2085
2143
2147
2167
2169
2173
2174
2252
2301
2302
2335
2383
2433
2668
2672
2673
2709
2711
2745
2796
2891
2903
2930
3034
3036
3037
323
349
388
449
454
796
1010
1011
1012
1180
1707
2009
2030
2067
2076
2196
2197
2250
2384
2508
2683
2783
3127
3128
3129
330
1362
2785
334
336
337
363
366
380
381
383
397
402
430
438
439
460
466
646
817
856
882
913
1008
1015
1020
1021
1029
1030
1059
1094
1095
1096
1169
1203
1240
1263
1264
1323
1325
1326
1368
1552
1553
1579
1594
1629
1676
1677
1711
1745
1748
1767
1790
1792
1793
1910
1914
1946
1947
1956
1959
1965
1991
2010
2011
2034
2035
2079
2110
2138
2201
2248
2251
2296
2359
2365
2366
2369
2390
2451
2497
2509
2557
2632
2637
2639
2676
2752
2784
2794
2953
2992
3028
3039
3131
370
420
427
432
881
883
1007
1018
1436
1539
2822
371
459
1726
396
398
469
1130
1300
1432
1749
1990
1993
2151
2291
2495
2500
2585
426
1712
2334
2499
2894
451
1054
1554
2364
2388
3038
457
794
910
1511
2015
2614
2615
2616
468
1027
1361
2077
2140
2295
2995
3082
816
1650
1913
2787
1092
1298
1701
1829
2678
2840
1177
2712
2751
2907
2910
1510
1653
1791
1703
2996
1708
1772
2686
2843
1955
2141
2368
2684
2892
1957
2005
2083
2168
2755
2139
2928
289
403
865
2150
2294
2908
304
324
347
805
1028
1434
2205
309
367
765
953
1324
1826
2008
2175
2579
2669
2922
3061
954
2817
312
313
797
864
1987
1988
2198
2408
3026
3064
357
358
812
813
955
1002
1003
1017
1582
1583
1746
1948
1958
1992
2824
3085
3113
365
384
385
786
799
1133
1512
1963
2498
362
470
1239
348
1515
1586
1587
1625
2214
2750
2895
2931
360
369
1882
2204
885
1862
1881
1986
2677
2086
2246
2634
