0
18
19
20
21
22
23
31
40
677
2096
2209
2394
2410
2411
2412
2413
2414
2415
2416
2417
2418
2646
2647
2648
2649
3092
3093
1
2
6
7
8
38
39
41
42
43
44
45
46
2157
3
4
5
9
10
11
12
13
14
32
33
34
36
37
1975
1996
2212
3119
35
2528
47
678
680
684
685
890
891
892
893
923
924
1106
1107
1137
1227
1267
1309
1333
1374
1607
1642
1684
1755
1801
1802
2158
2210
2213
2566
2567
2717
2914
2977
48
50
281
679
965
966
968
1108
1332
1336
1403
1780
2459
2596
2650
2651
2652
51
52
53
54
55
683
894
1247
1248
1521
1608
1609
1610
1611
1612
1613
1614
2021
2976
271
750
752
758
759
760
761
762
811
837
839
862
873
875
896
898
932
934
936
937
938
939
952
996
1072
1073
1074
1075
1076
1093
1116
1158
1161
1194
1232
1255
1286
1317
1343
1344
1345
1346
1347
1348
1364
1401
1425
1476
1477
1478
1479
1480
1481
1505
1523
1545
1576
1593
1645
1659
1721
1740
1741
1758
1759
1783
1784
1785
1811
1812
1814
1815
1816
1817
1818
1848
1877
1902
1903
1905
1936
1938
1939
1940
1941
1979
2002
2023
2059
2100
2129
2135
2136
2137
2160
2181
2227
2281
2317
2318
2319
2321
2348
2378
2396
2400
2401
2402
2426
2439
2482
2531
2570
2600
2601
2660
2703
2736
2780
2810
2830
2862
2863
2864
2866
2871
2944
2950
2967
2973
2981
3011
3017
3050
3053
3069
3071
3074
3075
3076
3099
3105
3122
1375
1376
1377
1378
1379
1380
1381
1382
1383
1384
1385
1386
1387
1388
1389
1390
1391
1392
1393
1394
1395
1396
1615
1637
1638
1639
1640
1641
1974
2043
2044
2045
2121
2122
2123
2124
2125
2126
2127
2211
2271
2342
2373
2718
2800
2801
2802
2803
2804
681
682
1561
1779
2716
2232
2257
1154
