24
25
26
27
28
29
30
826
1104
1135
1185
1207
1265
1306
1370
1467
1500
1518
1540
1556
1602
1630
1666
1714
1715
1734
1752
1833
2038
2093
2153
56
58
128
249
250
264
265
266
267
268
709
726
727
728
929
1113
1267
1310
1470
1471
1564
1565
1566
1567
1568
1647
1655
1691
1718
1736
1786
1802
1976
2047
2054
2055
2186
2189
2190
2352
2422
2459
2463
2597
2776
2914
2939
2977
2978
3095
3096
3119
59
64
1114
1274
1785
2237
60
87
125
205
239
699
941
1281
1615
1845
1981
2105
2133
2271
2857
2938
61
62
63
65
66
67
68
69
70
71
72
73
74
75
76
77
78
79
80
81
82
142
147
148
154
155
156
157
163
165
167
173
203
204
211
236
243
256
259
260
261
262
273
274
691
694
696
697
714
715
716
720
843
851
852
924
984
998
1047
1083
1163
1216
1218
1234
1255
1348
1469
1667
1671
1684
1721
1818
1849
1895
1975
1983
2046
2050
2107
2164
2193
2275
2277
2315
2375
2443
2475
2554
2572
2707
2851
2852
2853
2854
2855
2856
3045
3066
3077
86
1686
2848
88
226
90
95
100
117
145
177
178
179
180
183
184
185
188
223
225
228
229
230
235
240
242
254
257
263
698
703
718
725
733
734
735
736
737
740
741
742
743
744
745
746
834
905
928
943
944
968
969
970
975
981
985
987
989
990
997
999
1076
1084
1085
1109
1110
1122
1124
1138
1140
1145
1146
1147
1148
1149
1150
1151
1188
1227
1232
1256
1268
1270
1271
1272
1279
1280
1317
1336
1337
1338
1418
1419
1502
1659
1690
1696
1697
1723
1804
1842
1896
1929
1932
1999
2026
2062
2219
2232
2272
2323
2354
2374
2419
2420
2421
2468
2469
2470
2471
2472
2473
2477
2478
2485
2699
2700
2719
2764
2765
2766
2767
2768
2769
2770
2771
2774
2777
2804
2805
2813
2849
2858
2860
2916
2941
2957
2961
2999
3000
3001
3002
3076
3094
91
92
93
94
983
1046
1137
1143
1197
1523
1873
2273
2442
2589
2592
2593
2655
2837
2847
96
119
121
171
196
197
199
200
201
207
208
209
212
224
227
237
238
241
244
246
247
251
275
485
508
547
551
552
553
554
555
556
557
558
559
560
561
562
563
566
574
601
602
604
605
606
607
616
617
619
622
623
624
625
629
685
686
687
688
689
690
693
695
700
702
704
707
739
747
818
821
822
823
853
865
866
868
877
885
886
898
899
919
920
925
942
960
962
971
977
978
979
980
982
993
1000
1031
1032
1035
1038
1039
1040
1041
1048
1063
1069
1070
1077
1098
1099
1100
1101
1102
1103
1108
1112
1117
1121
1133
1134
1144
1161
1183
1189
1205
1222
1240
1242
1243
1244
1245
1248
1249
1264
1286
1305
1309
1333
1350
1397
1401
1405
1410
1411
1412
1413
1414
1425
1449
1450
1451
1452
1453
1454
1455
1456
1457
1458
1459
1460
1461
1462
1463
1465
1484
1503
1519
1524
1527
1570
1571
1576
1601
1619
1629
1632
1633
1654
1660
1664
1668
1678
1680
1681
1682
1685
1692
1722
1724
1731
1742
1750
1761
1774
1793
1803
1834
1837
1838
1850
1852
1863
1864
1866
1869
1889
1891
1892
1915
1919
1922
1928
1930
1965
1966
1967
1968
1993
2003
2017
2018
2039
2040
2049
2051
2052
2056
2063
2087
2088
2089
2090
2104
2115
2151
2175
2176
2177
2178
2205
2206
2222
2224
2233
2238
2257
2259
2260
2261
2262
2263
2264
2265
2305
2308
2321
2322
2324
2336
2339
2345
2353
2355
2373
2390
2423
2433
2436
2451
2453
2454
2455
2456
2460
2464
2467
2509
2510
2511
2512
2515
2524
2536
2575
2585
2590
2606
2607
2652
2653
2665
2666
2686
2687
2690
2691
2714
2720
2721
2728
2733
2741
2835
2838
2844
2846
2912
2933
2935
2936
2940
2989
3003
3006
3007
3008
3017
3019
3046
3047
3079
3086
3087
3107
3124
3125
3131
3132
3133
98
102
103
187
991
1196
1759
1942
2185
2191
2773
99
101
104
105
106
107
108
109
111
112
113
115
166
220
706
719
730
854
972
973
974
976
1067
1068
1396
1407
1408
2763
2775
2826
2827
2845
2918
2958
116
123
221
222
255
1212
1250
1427
1698
1870
1871
1872
2061
2594
129
1139
2234
2235
2236
2276
130
136
137
170
215
762
2097
3005
135
181
182
202
218
514
518
548
569
571
600
609
610
611
612
613
614
620
621
988
992
1043
1142
1273
1481
1482
1542
1616
1663
1688
1760
1982
2184
2220
2252
2253
2254
2479
2545
2546
2547
2760
3115
3116
186
3078
195
1763
2964
206
213
245
473
474
475
476
477
478
479
480
481
482
483
484
488
489
490
491
492
493
494
495
496
497
498
499
500
501
502
503
504
505
506
507
509
510
511
512
513
515
516
517
525
526
527
528
529
530
531
532
533
534
535
536
537
540
541
542
545
549
564
570
572
573
575
577
579
584
587
588
589
591
592
593
594
595
596
597
599
608
615
618
712
819
820
869
927
1033
1034
1182
1241
1501
1507
1545
1554
1600
1631
1677
1735
1796
1797
1798
1799
1821
1855
2086
2223
2258
2304
2408
2435
2452
2474
2513
2514
2517
2518
2526
2543
2549
2596
2639
2640
2718
2757
2758
2962
2973
3040
626
628
824
825
887
888
921
961
1036
1184
1206
1223
1466
1665
1679
1795
1835
1865
1918
1970
2091
2307
2338
2370
2525
2694
3043
3090
627
867
1037
1304
1307
1327
1328
1369
1406
1499
1517
1539
1555
1713
1732
1733
1749
1751
1772
1773
1794
1836
1867
1890
1893
1917
1969
1994
2019
2037
2306
2337
2369
2391
2434
2523
2548
2586
2641
2642
2693
2761
2796
2843
2910
2956
3041
3089
3114
3134
721
722
723
1415
2806
2807
986
1428
2165
1141
1717
1905
2025
1971
2342
49
1181
1404
1862
2108
3042
57
141
1525
1737
1941
2218
2706
2959
85
708
2106
2381
2727
83
214
114
1844
84
692
1217
1483
1879
110
89
118
153
175
198
216
217
219
234
521
538
539
543
544
546
567
576
578
580
581
582
583
603
701
717
959
1351
1426
1464
1546
1558
1687
1916
1920
1921
2117
2215
2418
2574
2688
2689
2692
2729
2759
2911
2915
2960
3088
138
705
1563
2192
2950
97
2528
847
2221
2344
519
522
523
524
550
565
585
590
598
1329
1448
2309
2516
2730
2824
2934
486
487
520
568
586
1303
1557
2255
2519
2520
2521
2522
2544
2560
2561
966
2092
2116
2152
1312
1819
1943
2772
2919
2963
2979
2732
2476
1843
1853
231
232
233
394
1653
1561
