15
16
17
640
641
1165
1372
2267
2268
2269
2341
2993
2998
282
306
310
359
415
442
788
798
801
802
803
806
858
859
860
911
912
916
1061
1062
1090
1172
1222
1498
1537
1581
1598
1674
1706
1823
2032
2046
2071
2215
2241
2247
2450
2492
2493
2580
2581
2680
2842
2923
3024
3030
311
332
364
372
374
375
376
377
401
416
421
424
434
440
447
456
461
462
467
630
631
632
633
634
635
636
637
638
639
647
648
649
650
651
652
653
654
657
658
659
660
661
664
665
669
670
671
672
673
674
675
676
766
768
771
787
790
807
808
828
829
830
832
833
871
956
964
1006
1045
1046
1058
1066
1067
1089
1091
1097
1128
1174
1178
1187
1188
1202
1209
1210
1225
1288
1297
1322
1331
1367
1373
1438
1448
1469
1492
1499
1542
1584
1588
1604
1605
1606
1621
1622
1626
1635
1636
1652
1663
1704
1705
1717
1727
1730
1754
1766
1768
1769
1770
1771
1776
1777
1778
1788
1789
1824
1840
1841
1842
1857
1858
1860
1884
1895
1912
1927
1928
1961
1973
1985
2013
2028
2029
2033
2042
2072
2073
2081
2095
2111
2114
2115
2119
2120
2155
2170
2171
2202
2208
2242
2270
2286
2311
2313
2333
2357
2362
2372
2386
2393
2449
2458
2542
2556
2559
2563
2565
2578
2582
2588
2644
2645
2696
2699
2713
2743
2763
2790
2798
2799
2818
2819
2826
2886
2921
2929
3027
3029
3045
3065
3066
3081
3114
335
472
772
857
908
909
950
1025
1126
1171
1487
1488
1489
1952
2065
2287
2288
2289
2290
2298
2329
2361
2504
2609
2610
2999
3021
3031
3032
3033
3040
418
429
455
1221
1538
1596
1649
1830
1832
1861
2407
2491
2541
2577
2583
2789
441
448
767
800
1261
1490
1491
1831
1888
1908
1945
2097
2360
2367
2823
2893
2897
2898
2899
2900
2901
2904
2905
2906
2932
2955
2975
2997
3110
3130
666
667
668
3118
792
793
1430
1651
373
386
642
643
644
645
655
656
662
663
831
834
1560
1924
1925
1926
2146
2156
2312
2314
2315
2564
2697
2698
2994
2149
1211
1226
