122
139
140
149
150
151
152
164
168
169
172
176
191
192
193
210
252
253
269
270
272
276
277
278
279
280
710
711
713
729
731
732
738
748
750
752
753
754
755
756
835
837
839
840
841
842
844
845
846
848
849
850
871
873
875
876
878
894
896
900
901
902
903
904
926
930
932
934
939
940
945
946
947
994
996
1042
1049
1050
1064
1078
1079
1080
1081
1082
1086
1111
1116
1118
1119
1120
1123
1152
1154
1155
1156
1158
1159
1162
1190
1191
1192
1194
1195
1198
1211
1213
1214
1215
1228
1229
1230
1233
1251
1252
1253
1257
1269
1275
1276
1277
1278
1282
1283
1284
1311
1313
1314
1315
1334
1339
1340
1341
1349
1398
1399
1416
1417
1420
1421
1422
1423
1472
1473
1474
1485
1505
1506
1508
1521
1526
1528
1529
1530
1531
1532
1543
1547
1562
1569
1572
1573
1574
1577
1617
1618
1642
1643
1645
1646
1656
1657
1661
1669
1670
1672
1689
1693
1694
1695
1719
1738
1741
1743
1755
1756
1762
1780
1781
1805
1806
1807
1808
1809
1812
1820
1846
1848
1851
1854
1874
1875
1877
1878
1897
1898
1899
1900
1903
1906
1931
1933
1934
1936
1977
1979
1980
1997
1998
2000
2002
2021
2023
2024
2048
2053
2057
2059
2060
2098
2100
2101
2102
2103
2127
2129
2130
2131
2132
2158
2160
2161
2162
2163
2179
2181
2182
2183
2187
2194
2216
2217
2225
2227
2228
2229
2230
2274
2278
2279
2281
2282
2283
2284
2319
2325
2326
2327
2343
2346
2348
2349
2350
2351
2376
2378
2379
2380
2394
2396
2397
2398
2402
2403
2424
2426
2427
2428
2437
2439
2440
2441
2461
2465
2466
2480
2482
2483
2484
2529
2531
2532
2533
2534
2535
2550
2551
2552
2553
2568
2570
2571
2573
2588
2591
2598
2601
2602
2603
2604
2605
2654
2656
2657
2658
2660
2661
2662
2663
2664
2701
2703
2704
2705
2722
2723
2724
2725
2726
2731
2734
2736
2737
2738
2739
2740
2778
2780
2781
2808
2810
2811
2812
2828
2830
2831
2832
2833
2834
2836
2850
2859
2864
2866
2867
2868
2869
2917
2937
2942
2944
2945
2946
2947
2948
2965
2967
2968
2969
2970
2971
2981
2982
2983
2984
2985
2986
2987
3004
3009
3011
3012
3013
3014
3015
3018
3048
3050
3051
3053
3054
3067
3069
3071
3072
3093
3097
3099
3100
3101
3102
3103
3105
3108
3120
3122
3123
120
124
126
127
131
132
133
134
144
158
159
160
161
162
174
190
194
248
258
724
879
1051
1409
2188
2486
2567
2988
3106
143
146
189
2462
