0
18
19
20
21
22
23
31
40
2095
2208
2393
2409
2410
2411
2412
2413
2414
2415
2416
2417
2645
2646
2647
2648
3091
3092
1
2
6
7
8
38
39
41
42
43
44
45
46
2156
3
4
5
9
10
11
12
13
14
32
33
34
36
37
1974
1995
2211
3118
35
2527
47
677
679
683
684
889
890
891
892
922
923
1105
1106
1136
1226
1266
1308
1332
1373
1606
1641
1683
1754
1800
1801
2157
2209
2212
2565
2566
2716
2913
2976
48
50
281
678
964
965
967
1107
1331
1335
1402
1779
2458
2595
2649
2650
2651
51
52
53
54
55
682
893
1246
1247
1520
1607
1608
1609
1610
1611
1612
1613
2020
2975
271
749
751
757
758
759
760
761
810
836
838
861
872
874
895
897
931
933
935
936
937
938
951
995
1071
1072
1073
1074
1075
1092
1115
1157
1160
1193
1231
1254
1285
1316
1342
1343
1344
1345
1346
1347
1363
1400
1424
1475
1476
1477
1478
1479
1480
1504
1522
1544
1575
1592
1644
1658
1720
1739
1740
1757
1758
1782
1783
1784
1810
1811
1813
1814
1815
1816
1817
1847
1876
1901
1902
1904
1935
1937
1938
1939
1940
1978
2001
2022
2058
2099
2128
2134
2135
2136
2159
2180
2226
2280
2316
2317
2318
2320
2347
2377
2395
2399
2400
2401
2425
2438
2481
2530
2569
2599
2600
2659
2702
2735
2779
2809
2829
2861
2862
2863
2865
2870
2943
2949
2966
2972
2980
3010
3016
3049
3052
3068
3070
3073
3074
3075
3098
3104
3121
1374
1375
1376
1377
1378
1379
1380
1381
1382
1383
1384
1385
1386
1387
1388
1389
1390
1391
1392
1393
1394
1395
1614
1636
1637
1638
1639
1640
1973
2042
2043
2044
2120
2121
2122
2123
2124
2125
2126
2210
2270
2341
2372
2717
2799
2800
2801
2802
2803
680
681
1560
1778
2715
2231
2256
1153
